AAGAACAGTTTGAACC-1	AAGACAACAGTAGTTC-1	AAGACTCAGGATATAC-1	ACACAGTCAGTCACGC-1	ACCGTTCGTCAAGGCA-1	ACGGTCGCACTAGGTT-1	ACTTATCGTGAGTCAG-1	ACTTATCTCGCTCTAC-1	AGAAGTAGTTATGGTC-1	AGCCAGCTCGAATGCT-1	AGCTACAGTGGTCCGT-1	AGGCATTTCGATTCCC-1	ATGGTTGAGACAACAT-1	ATTCCTATCCCTCATG-1	ATTTACCTCCGGCAAC-1	CACAGGCCATACATCG-1	CACCGTTAGACGCTCC-1	CAGGGCTCATGTCTAG-1	CATACAGCAGGTGACA-1	CATGCTCCAAACGTGG-1	CCCTAACTCTGGGCGT-1	CCGAACGCAGGCACTC-1	CCGGTAGAGTCTGCGC-1	CCTATCGTCATTACCT-1	CCTTCAGGTTGCTGAT-1	CTATCCGTCGCAGTGC-1	CTCAGAAAGGTCGCCT-1	CTCAGGGGTTACAGCT-1	CTCCCAAAGGGTACGT-1	CTTGATTCACCTGATA-1	GAAATGAGTCTTTATC-1	GAAATGAGTGGAAGTC-1	GAGCCTGAGAGTTGAT-1	GATGACTGTCACAGTT-1	GCAGCTGTCTGTGCAA-1	GCCAGCACAACGGCTC-1	GCGGATCCACCTCTGT-1	GCTTGGGGTCCTCCAT-1	GGAACCCAGAGAGAAC-1	GGAATGGTCCAATCCC-1	GGATCTAAGGAAAGGT-1	GGGACTCGTCCCGCAA-1	GGGATGAAGGAGTATT-1	GTCACGGCATGAGATA-1	GTCGTAAAGCCTCTCT-1	GTCGTTCGTCCGCAGT-1	GTTACGATCATCGGGC-1	GTTCTATCACAGTGAG-1	TAACACGCATGTGCCG-1	TACAACGCATACATCG-1	TAGGTTGGTCCTGGTG-1	TCATTTGCAGAGGACT-1	TCGAAGTTCCATTCAT-1	TCGTGCTAGCACACCC-1	TCTGTCGAGACTCTTG-1	TGAACGTAGGAACTCG-1	TGATCTTCAGCAGAAC-1	TGGGTTATCAAACGTC-1	TGTAAGCAGACTTCGT-1	TTACGTTGTTGCAACT-1	TTCCTCTCATTGCTTT-1	TTTCACAAGGCCCAAA-1
AAGAACAGTTTGAACC-1	1	0.807734420500874	0.821234711706465	0.840838672102504	0.699673849737915	0.665230052417006	0.844729178800233	0.790471753057659	0.819638905066977	0.781770529994176	0.800605707629586	0.813838089691322	0.857006406523005	0.87120559114735	0.80683750728014	0.795317414094351	0.842516016307513	0.581327897495632	0.739242865463017	0.827303436225976	0.807874199184624	0.682818870122306	0.864076878276063	0.749458357600466	0.633313919627257	0.763762376237624	0.789260337798486	0.769737914967967	0.772894583576005	0.796121141525917	0.787373325567851	0.6472335468841	0.835189283634246	0.665206755969715	0.832253931275481	0.51974373907979	0.812591729761211	0.817833430401864	0.824694234129295	0.771718112987769	0.859009900990099	0.865870704717531	0.651997670355271	0.760291205591147	0.781595806639487	0.79889341875364	0.800349446709377	0.6792894583576	0.76260920209668	0.785544554455446	0.843051834595224	0.756412347117065	0.84598718695399	0.773115899825277	0.7720559114735	0.820430984274898	0.861421083284799	0.876179382644147	0.781269656377402	0.779405940594059	0.835643564356436	0.885323238206174
AAGACAACAGTAGTTC-1	0.807734420500874	1	0.820139778683751	0.853465346534653	0.782329644729179	0.638485730926034	0.864065230052417	0.777868375072801	0.875282469423413	0.823145020384391	0.810425160163075	0.825253348864298	0.806825859056494	0.804542807221899	0.796773442050087	0.800221316249272	0.887839254513687	0.59914967967385	0.765463016889924	0.824577751892836	0.864065230052417	0.705789167152009	0.885859056493885	0.781828771112405	0.683377984857309	0.806266744321491	0.835783343040186	0.773476994758299	0.805952242283052	0.809691322073384	0.766592894583576	0.641980198019802	0.83322073383809	0.686557949912638	0.880267909143856	0.592253931275481	0.824135119394292	0.856062900407688	0.801316249271986	0.790040768782761	0.847652882935352	0.846814210832848	0.668305183459522	0.776109493302271	0.814583576004659	0.774746651135702	0.833080955154339	0.805288293535236	0.795853232382062	0.77869539895166	0.842259755387303	0.779767035527082	0.894036109493302	0.804694234129295	0.890133954571928	0.842189866045428	0.826988934187536	0.827373325567851	0.811764705882353	0.834781595806639	0.797623762376238	0.908456610366919
AAGACTCAGGATATAC-1	0.821234711706465	0.820139778683751	1	0.854024461269656	0.688468258590565	0.669819452533489	0.789598136284217	0.831788002329645	0.8255329062318	0.822690739662202	0.754059405940594	0.786301688992429	0.807850902737333	0.820978450786255	0.831450203843914	0.811368666278393	0.798194525334886	0.559009900990099	0.766080372743157	0.792265579499126	0.755329062317996	0.714094350611532	0.858823529411765	0.809108910891089	0.639079790331974	0.780174723354688	0.836423995340711	0.84456610366919	0.769435061153174	0.882981945253349	0.793348864298195	0.68371578334304	0.8472335468841	0.672463599301107	0.825695981362842	0.514711706464764	0.834746651135702	0.848200349446709	0.80658124635993	0.837996505532906	0.792813046010483	0.818217821782178	0.688281887012231	0.804205008736168	0.739953407105416	0.751927781013395	0.79654047757717	0.727478159580664	0.786697728596389	0.774886429819453	0.865859056493885	0.825171811298777	0.795224228305183	0.793907979033197	0.805975538730344	0.805882352941176	0.77165987186954	0.788375072801398	0.759755387303436	0.769376820034945	0.843762376237624	0.878963308095515
ACACAGTCAGTCACGC-1	0.840838672102504	0.853465346534653	0.854024461269656	1	0.802877111240536	0.674618520675597	0.808654630168899	0.841188118811881	0.837099592312172	0.86195690157251	0.834245777518928	0.826196854979616	0.838217821782178	0.833115899825277	0.874548631333722	0.855818287711124	0.838555620267909	0.61296447291788	0.831939429237041	0.834420500873617	0.796773442050087	0.714665113570181	0.880151426907397	0.851019219569016	0.68025626092021	0.771112405358183	0.86104834012813	0.783808969132207	0.841991846243448	0.864962143273151	0.803226557949913	0.667548048922539	0.854641817122889	0.728246942341293	0.901269656377402	0.583459522422831	0.853861386138614	0.870215492137449	0.807734420500874	0.833779848573093	0.842283051834595	0.831683168316832	0.727967384973792	0.828025626092021	0.76397204426325	0.79231217239371	0.867920792079208	0.80632498543972	0.771927781013395	0.783645894001165	0.883692486895748	0.810215492137449	0.828642981945253	0.809609784507863	0.832603377984857	0.874094350611532	0.787932440302854	0.831450203843914	0.839673849737915	0.842900407687828	0.834432149097263	0.909039021549214
ACCGTTCGTCAAGGCA-1	0.699673849737915	0.782329644729179	0.688468258590565	0.802877111240536	1	0.633931275480489	0.692719860221316	0.679953407105416	0.763145020384391	0.790506697728596	0.739965055329062	0.665963890506698	0.661409435061153	0.633500291205591	0.686977285963891	0.707990681421083	0.759417588817705	0.682446126965638	0.774828188701223	0.715969714618521	0.79126383226558	0.696412347117065	0.757961560861969	0.722818870122306	0.593581828771112	0.692929528246942	0.798683750728014	0.674560279557368	0.798299359347699	0.74919044845661	0.662714036109493	0.616575422248107	0.746592894583576	0.69080955154339	0.780279557367501	0.497006406523005	0.797099592312172	0.762085032032615	0.661386138613861	0.739767035527082	0.737460687245195	0.689202096680256	0.752917880023296	0.748887594641817	0.749306930693069	0.647617938264415	0.785125218404193	0.914140943506115	0.714933022714036	0.72215492137449	0.767594641817123	0.717553873034362	0.790227140361095	0.765136866627839	0.77849737914968	0.855958066394875	0.711822947000582	0.697204426324985	0.794234129295282	0.809120559114735	0.645497961560862	0.798974956319161
ACGGTCGCACTAGGTT-1	0.665230052417006	0.638485730926034	0.669819452533489	0.674618520675597	0.633931275480489	1	0.614560279557367	0.618555620267909	0.63100757134537	0.713395457192778	0.716051252184042	0.70019801980198	0.641665695981363	0.685591147350029	0.662143273150845	0.666534653465347	0.689621432731508	0.598147932440303	0.601456027955737	0.594898078043098	0.608619685497962	0.612801397786838	0.643249854397204	0.663226557949913	0.523657542224811	0.647047175305766	0.659930110658125	0.604962143273151	0.696808386721025	0.660698893418754	0.696156086196855	0.601700640652301	0.67225393127548	0.550331974373908	0.686860803727432	0.414199184624345	0.728153756552126	0.702457775189284	0.778858474082702	0.687699475829936	0.740151426907397	0.625125218404193	0.581211415259173	0.702585905649388	0.631974373907979	0.609982527664531	0.616831683168317	0.63798485730926	0.661525917297612	0.724053581828771	0.692615026208503	0.689330227140361	0.686231799650553	0.637670355270821	0.592288875946418	0.743343040186372	0.610203843913803	0.668293535235877	0.642585905649388	0.688095515433896	0.673372160745486	0.68658124635993
ACTTATCGTGAGTCAG-1	0.844729178800233	0.864065230052417	0.789598136284217	0.808654630168899	0.692719860221316	0.614560279557367	1	0.770180547466511	0.818392545136867	0.735457192778101	0.763133372160746	0.835270821199767	0.776249271986022	0.809807804309843	0.751986022131625	0.756517181129878	0.824927198602213	0.572673267326733	0.732335468841002	0.801444379732091	0.858474082702388	0.643401281304601	0.848817705299942	0.740034944670938	0.675457192778101	0.824601048340128	0.770087361677344	0.769947582993593	0.731578334304019	0.788514851485149	0.762620850320326	0.679301106581246	0.758509027373326	0.646523005241701	0.849108910891089	0.605556202679091	0.759941758881771	0.833884682585906	0.805369831100757	0.759685497961561	0.833372160745486	0.805509609784508	0.62527664531159	0.744787419918462	0.758485730926034	0.832696563774024	0.827303436225976	0.729633080955154	0.797775189283634	0.735165987186954	0.810564938846826	0.773535235876529	0.873278974956319	0.75452533488643	0.820291205591147	0.777414094350611	0.818974956319161	0.791147350029121	0.786033779848573	0.767676179382644	0.822900407687828	0.88618520675597
ACTTATCTCGCTCTAC-1	0.790471753057659	0.777868375072801	0.831788002329645	0.841188118811881	0.679953407105416	0.618555620267909	0.770180547466511	1	0.784775771694816	0.836587070471753	0.78748980780431	0.783214909726267	0.76351776354106	0.791112405358183	0.84879440885265	0.881828771112405	0.814781595806639	0.582283051834595	0.749493302271404	0.760093185789167	0.743808969132207	0.629726266744322	0.828165404775772	0.810203843913803	0.645404775771695	0.738078043098428	0.858462434478742	0.836191030867793	0.754606872451951	0.893290623179965	0.829260337798486	0.609458357600466	0.856715200931858	0.738765288293535	0.798648806057076	0.492009318578917	0.839324403028538	0.817903319743739	0.764263249854397	0.869400116482236	0.742632498543972	0.785754222481072	0.717099592312172	0.844892253931275	0.727140361094933	0.686290040768783	0.790401863715783	0.706453115899825	0.708200349446709	0.823273150844496	0.86201514269074	0.819848573092603	0.735084449621433	0.814606872451951	0.784729178800233	0.81381479324403	0.744740827023879	0.781549213744904	0.808654630168899	0.783191613278975	0.87075131042516	0.836458940011648
AGAAGTAGTTATGGTC-1	0.819638905066977	0.875282469423413	0.8255329062318	0.837099592312172	0.763145020384391	0.63100757134537	0.818392545136867	0.784775771694816	1	0.796959813628422	0.774618520675597	0.774641817122889	0.801782178217822	0.795270821199767	0.872090856144438	0.801654047757717	0.850005824111823	0.62306348281887	0.784589400116482	0.808771112405358	0.853605125218404	0.70345952242283	0.858078043098428	0.8303552708212	0.694036109493302	0.835899825276645	0.853511939429237	0.773442050087362	0.803552708211998	0.801921956901573	0.784205008736168	0.671438555620268	0.840291205591147	0.687175305765871	0.89367501456028	0.520419336051252	0.838707047175306	0.885800815375655	0.777425742574257	0.789807804309843	0.801980198019802	0.860291205591147	0.642061735585323	0.778998252766453	0.787967384973791	0.768235294117647	0.834991263832266	0.785253348864298	0.832253931275481	0.804333139196273	0.861059988351776	0.787012230634828	0.883832265579499	0.773139196272568	0.8527664531159	0.864228305183459	0.82729178800233	0.811228887594642	0.805299941758882	0.831613278974956	0.816179382644147	0.885486313337216
AGCCAGCTCGAATGCT-1	0.781770529994176	0.823145020384391	0.822690739662202	0.86195690157251	0.790506697728596	0.713395457192778	0.735457192778101	0.836587070471753	0.796959813628422	1	0.808211997670355	0.765451368666278	0.761246359930111	0.754688410017472	0.821654047757717	0.870133954571928	0.776924868957484	0.632486895748398	0.806278392545137	0.713721607454863	0.761980198019802	0.716633663366337	0.834059405940594	0.841059988351776	0.614292370413512	0.755643564356436	0.903739079790332	0.769749563191613	0.819580663948748	0.859685497961561	0.785404775771695	0.631555037856727	0.88839836924869	0.707082119976704	0.830308677926616	0.442061735585323	0.883203261502621	0.839592312172394	0.760500873616773	0.855596971461852	0.788177052999418	0.78130460104834	0.704030285381479	0.847920792079208	0.745346534653465	0.729283634245777	0.768048922539313	0.80658124635993	0.710192195690157	0.821805474665114	0.890064065230052	0.862981945253349	0.805358182877111	0.906488060570763	0.813511939429237	0.853628421665696	0.768584740827024	0.791042516016307	0.825264997087944	0.826953989516599	0.804531158998253	0.848910891089109
AGCTACAGTGGTCCGT-1	0.800605707629586	0.810425160163075	0.754059405940594	0.834245777518928	0.739965055329062	0.716051252184042	0.763133372160746	0.78748980780431	0.774618520675597	0.808211997670355	1	0.756785090273733	0.779673849737915	0.75673849737915	0.817856726849156	0.834933022714036	0.778998252766453	0.589516598718695	0.714536983110076	0.757565521258008	0.755235876528829	0.75563191613279	0.786755969714618	0.776470588235294	0.622376237623762	0.750856144437973	0.818881770529994	0.770623179965055	0.85863715783343	0.794595224228305	0.851089108910891	0.585719277810134	0.807781013395457	0.772906231799651	0.814828188701223	0.519790331974374	0.89100757134537	0.806278392545137	0.796377402446127	0.799207920792079	0.815061153174141	0.774443797320909	0.748246942341293	0.815235876528829	0.681828771112405	0.689283634245778	0.762434478741992	0.746755969714619	0.646208503203262	0.845637740244613	0.843995340710542	0.747163657542225	0.775550378567268	0.773896330809552	0.744903902154921	0.877763541059988	0.77270821199767	0.790064065230052	0.828375072801398	0.832871287128713	0.831030867792662	0.831788002329645
AGGCATTTCGATTCCC-1	0.813838089691322	0.825253348864298	0.786301688992429	0.826196854979616	0.665963890506698	0.70019801980198	0.835270821199767	0.783214909726267	0.774641817122889	0.765451368666278	0.756785090273733	1	0.797600465928946	0.792801397786838	0.77407105416424	0.745812463599301	0.860815375655213	0.608107163657542	0.679697146185207	0.777647058823529	0.812696563774024	0.601980198019802	0.84286546301689	0.75322073383809	0.641153174140944	0.779941758881771	0.791182294700058	0.742504368083867	0.753931275480489	0.812288875946418	0.73251019219569	0.621677344205009	0.751986022131625	0.636051252184042	0.807128712871287	0.596179382644147	0.772941176470588	0.793395457192778	0.811193942923704	0.768281887012231	0.784065230052417	0.809318578916715	0.631147350029121	0.804286546301689	0.732417006406523	0.81029702970297	0.801712288875946	0.685288293535236	0.724239953407105	0.748305183459522	0.813150844496214	0.713011065812464	0.794548631333722	0.768130460104834	0.792626674432149	0.759487478159581	0.760361094933023	0.779720442632499	0.767256843331392	0.749959231217239	0.799161327897496	0.883680838672102
ATGGTTGAGACAACAT-1	0.857006406523005	0.806825859056494	0.807850902737333	0.838217821782178	0.661409435061153	0.641665695981363	0.776249271986022	0.76351776354106	0.801782178217822	0.761246359930111	0.779673849737915	0.797600465928946	1	0.857472335468841	0.821945253348864	0.799324403028538	0.85387303436226	0.606744321490973	0.70743156668608	0.864228305183459	0.757122888759464	0.647571345369831	0.82417006406523	0.717029702970297	0.696575422248107	0.743191613278975	0.758462434478742	0.777693651718113	0.814886429819453	0.784985439720443	0.796156086196855	0.615818287711124	0.797204426324985	0.640209668025626	0.834839836924869	0.568246942341293	0.776202679091439	0.802737332556785	0.831543389633081	0.769889341875364	0.798019801980198	0.791298776936517	0.639778683750728	0.764775771694817	0.725439720442632	0.758171228887595	0.756074548631334	0.644927198602213	0.727641234711706	0.777355853232382	0.834606872451951	0.688363424577752	0.770704717530577	0.753092603377985	0.787373325567851	0.801677344205009	0.803657542224811	0.822306348281887	0.779009900990099	0.758276062900408	0.805171811298777	0.832626674432149
ATTCCTATCCCTCATG-1	0.87120559114735	0.804542807221899	0.820978450786255	0.833115899825277	0.633500291205591	0.685591147350029	0.809807804309843	0.791112405358183	0.795270821199767	0.754688410017472	0.75673849737915	0.792801397786838	0.857472335468841	1	0.824216656959814	0.75889341875364	0.850506697728596	0.565241700640652	0.66025626092021	0.827210250436808	0.76175888177053	0.62110658124636	0.805777518928363	0.722527664531159	0.644950495049505	0.737460687245195	0.756540477577169	0.751846243447874	0.755690157251019	0.763541059988352	0.797647058823529	0.574175888177053	0.788130460104834	0.62351776354106	0.817425742574257	0.571578334304019	0.768642981945253	0.801723937099592	0.803249854397204	0.760116482236459	0.825719277810134	0.807920792079208	0.603179965055329	0.744892253931275	0.720477577169482	0.812941176470588	0.762446126965638	0.658276062900408	0.781327897495632	0.759056493884683	0.808864298194525	0.752906231799651	0.801188118811881	0.717658707047175	0.771357018054747	0.796121141525917	0.7848223645894	0.825998835177635	0.744274898078043	0.740058241118229	0.826464764123471	0.85316249271986
ATTTACCTCCGGCAAC-1	0.80683750728014	0.796773442050087	0.831450203843914	0.874548631333722	0.686977285963891	0.662143273150845	0.751986022131625	0.84879440885265	0.872090856144438	0.821654047757717	0.817856726849156	0.77407105416424	0.821945253348864	0.824216656959814	1	0.864181712288876	0.824997087944089	0.637099592312172	0.719918462434479	0.814373907979033	0.786418171228888	0.675503785672685	0.834164239953407	0.843785672684916	0.690716365754222	0.740885264997088	0.857472335468841	0.819184624344787	0.816062900407688	0.847932440302854	0.827396622015143	0.613558532323821	0.877716948165405	0.693919627256843	0.861677344205009	0.518369248689575	0.861339545719278	0.826755969714619	0.771100757134537	0.856831683168317	0.77753057658707	0.794187536400699	0.648910891089109	0.838124635993011	0.716750145602796	0.727466511357018	0.769516598718695	0.696691904484566	0.733092603377985	0.845066977285964	0.883797320908561	0.799860221316249	0.793104251601631	0.76156086196855	0.75582993593477	0.844100174723355	0.772137449039022	0.804752475247525	0.808864298194525	0.818916715200932	0.840827023878858	0.8392894583576
CACAGGCCATACATCG-1	0.795317414094351	0.800221316249272	0.811368666278393	0.855818287711124	0.707990681421083	0.666534653465347	0.756517181129878	0.881828771112405	0.801654047757717	0.870133954571928	0.834933022714036	0.745812463599301	0.799324403028538	0.75889341875364	0.864181712288876	1	0.779871869539895	0.684775771694817	0.788107163657542	0.761281304601048	0.742341292952825	0.701316249271986	0.833581828771112	0.87049504950495	0.67381479324403	0.762329644729179	0.867967384973791	0.81543389633081	0.812638322655795	0.849574839836925	0.778974956319161	0.622061735585323	0.892882935352359	0.740861968549796	0.823471170646476	0.491182294700058	0.872125800815376	0.833779848573093	0.773302271403611	0.843669190448457	0.80488060570763	0.787920792079208	0.68215492137449	0.807443214909726	0.733372160745486	0.702550960978451	0.78970297029703	0.735235876528829	0.699103086779266	0.868293535235876	0.880780430984275	0.829633080955154	0.786488060570763	0.835142690739662	0.809726266744321	0.849330227140361	0.790017472335469	0.827874199184624	0.805171811298777	0.814152591729761	0.888829353523588	0.833651718112988
CACCGTTAGACGCTCC-1	0.842516016307513	0.887839254513687	0.798194525334886	0.838555620267909	0.759417588817705	0.689621432731508	0.824927198602213	0.814781595806639	0.850005824111823	0.776924868957484	0.778998252766453	0.860815375655213	0.85387303436226	0.850506697728596	0.824997087944089	0.779871869539895	1	0.638940011648224	0.725136866627839	0.905136866627839	0.85739079790332	0.634292370413512	0.83668025626092	0.721654047757717	0.692661619103087	0.761397786837507	0.788969132207338	0.78280722189866	0.78417006406523	0.780244612696564	0.778625509609784	0.618870122306348	0.804799068142108	0.629866045428072	0.85316249271986	0.659697146185207	0.810029120559115	0.805963890506698	0.794991263832266	0.789539895165987	0.820838672102504	0.803937099592312	0.657775189283634	0.762562609202097	0.782958648806057	0.751636575422248	0.817518928363425	0.72527664531159	0.822201514269074	0.802772277227723	0.822352941176471	0.719033197437391	0.843785672684916	0.745404775771695	0.82547466511357	0.851543389633081	0.837379149679674	0.826697728596389	0.789924286546302	0.807920792079208	0.795771694816541	0.889563191613279
CAGGGCTCATGTCTAG-1	0.581327897495632	0.59914967967385	0.559009900990099	0.61296447291788	0.682446126965638	0.598147932440303	0.572673267326733	0.582283051834595	0.62306348281887	0.632486895748398	0.589516598718695	0.608107163657542	0.606744321490973	0.565241700640652	0.637099592312172	0.684775771694817	0.638940011648224	1	0.629073966220151	0.608037274315667	0.655165987186954	0.505369831100757	0.655096097845079	0.667606290040769	0.509400116482236	0.540698893418754	0.591438555620268	0.583238206173558	0.679068142108328	0.60638322655795	0.50748980780431	0.462585905649388	0.651846243447874	0.515212580081538	0.640815375655213	0.517064647641235	0.657052999417589	0.649027373325568	0.558788584740827	0.645253348864298	0.597320908561444	0.59824111822947	0.557344205008736	0.625544554455446	0.68879440885265	0.578648806057076	0.684868957483984	0.606965637740245	0.652521840419336	0.672813046010483	0.637157833430402	0.611275480489225	0.653570180547467	0.650366919044846	0.643494467093768	0.702725684333139	0.639161327897496	0.651892836342458	0.647734420500874	0.662434478741992	0.594420500873617	0.635527082119977
CATACAGCAGGTGACA-1	0.739242865463017	0.765463016889924	0.766080372743157	0.831939429237041	0.774828188701223	0.601456027955737	0.732335468841002	0.749493302271404	0.784589400116482	0.806278392545137	0.714536983110076	0.679697146185207	0.70743156668608	0.66025626092021	0.719918462434479	0.788107163657542	0.725136866627839	0.629073966220151	1	0.732195690157251	0.778112987769365	0.670634828188701	0.805486313337216	0.79693651718113	0.576319161327898	0.737961560861969	0.791228887594642	0.709423412929528	0.774257425742574	0.810390215492137	0.689633080955154	0.646616191030868	0.786220151426907	0.679976703552708	0.816423995340711	0.502457775189284	0.788969132207338	0.823808969132207	0.695224228305183	0.7727664531159	0.716237623762376	0.752847990681421	0.663634245777519	0.725206755969715	0.760733838089691	0.679394292370413	0.812615026208503	0.762935352358765	0.741351193942924	0.716330809551543	0.766418171228888	0.773896330809552	0.796435643564356	0.771345369831101	0.804612696563774	0.804006988934188	0.774362259755387	0.71100757134537	0.773348864298194	0.753919627256843	0.744519510774607	0.810180547466511
CATGCTCCAAACGTGG-1	0.827303436225976	0.824577751892836	0.792265579499126	0.834420500873617	0.715969714618521	0.594898078043098	0.801444379732091	0.760093185789167	0.808771112405358	0.713721607454863	0.757565521258008	0.777647058823529	0.864228305183459	0.827210250436808	0.814373907979033	0.761281304601048	0.905136866627839	0.608037274315667	0.732195690157251	1	0.806313337216075	0.592615026208503	0.836715200931858	0.732952824694234	0.701980198019802	0.690832847990681	0.745765870704718	0.767454863133372	0.767967384973791	0.754012813046011	0.738788584740827	0.620069889341875	0.768107163657542	0.612009318578917	0.813150844496214	0.654630168899243	0.762003494467094	0.75960396039604	0.760675596971462	0.750483401281305	0.796447291788002	0.780524170064065	0.653476994758299	0.723412929528247	0.745195107746069	0.752987769365172	0.807454863133372	0.694828188701223	0.783214909726267	0.770227140361095	0.782376237623762	0.702562609202097	0.809994175888177	0.704298194525335	0.788887594641817	0.808235294117647	0.819277810133955	0.798520675596971	0.776237623762376	0.770797903319744	0.771228887594642	0.846825859056494
CCCTAACTCTGGGCGT-1	0.807874199184624	0.864065230052417	0.755329062317996	0.796773442050087	0.79126383226558	0.608619685497962	0.858474082702388	0.743808969132207	0.853605125218404	0.761980198019802	0.755235876528829	0.812696563774024	0.757122888759464	0.76175888177053	0.786418171228888	0.742341292952825	0.85739079790332	0.655165987186954	0.778112987769365	0.806313337216075	1	0.665334886429819	0.821700640652301	0.736039603960396	0.643343040186372	0.784065230052417	0.803529411764706	0.745055329062318	0.770401863715783	0.816156086196855	0.70417006406523	0.610693069306931	0.753535235876529	0.639767035527082	0.855701805474665	0.571951077460687	0.791240535818288	0.842981945253349	0.723366336633663	0.746290040768783	0.795142690739662	0.789749563191613	0.615888177052999	0.772801397786838	0.766196854979616	0.825591147350029	0.808747815958066	0.789807804309843	0.771753057658707	0.731811298776937	0.807652882935352	0.720931857891671	0.864111822947001	0.777740244612697	0.831496796738497	0.815993011065812	0.859965055329062	0.755340710541642	0.808351776354106	0.81608619685498	0.773174140943506	0.862364589400117
CCGAACGCAGGCACTC-1	0.682818870122306	0.705789167152009	0.714094350611532	0.714665113570181	0.696412347117065	0.612801397786838	0.643401281304601	0.629726266744322	0.70345952242283	0.716633663366337	0.75563191613279	0.601980198019802	0.647571345369831	0.62110658124636	0.675503785672685	0.701316249271986	0.634292370413512	0.505369831100757	0.670634828188701	0.592615026208503	0.665334886429819	1	0.661852067559697	0.652463599301107	0.472871287128713	0.712684915550379	0.732801397786838	0.692941176470588	0.753931275480489	0.709108910891089	0.701514269073966	0.570681421083285	0.713838089691322	0.743238206173559	0.703016889924287	0.416458940011648	0.745847408270239	0.701525917297612	0.670308677926616	0.725800815375655	0.70462434478742	0.642422830518346	0.795853232382062	0.665777518928363	0.573453698311008	0.627850902737333	0.645707629586488	0.703075131042516	0.595084449621433	0.648351776354106	0.747513104251602	0.639569015725102	0.704461269656377	0.70280722189866	0.661421083284799	0.762189866045428	0.675445544554455	0.685299941758882	0.785661036691904	0.73492137449039	0.665719277810134	0.703436225975539
CCGGTAGAGTCTGCGC-1	0.864076878276063	0.885859056493885	0.858823529411765	0.880151426907397	0.757961560861969	0.643249854397204	0.848817705299942	0.828165404775772	0.858078043098428	0.834059405940594	0.786755969714618	0.84286546301689	0.82417006406523	0.805777518928363	0.834164239953407	0.833581828771112	0.83668025626092	0.655096097845079	0.805486313337216	0.836715200931858	0.821700640652301	0.661852067559697	1	0.875154338963308	0.67713453698311	0.791438555620268	0.850145602795574	0.759219569015725	0.788165404775772	0.832999417588818	0.771846243447874	0.653046010483401	0.870005824111823	0.675247524752475	0.892894583576005	0.568491555037857	0.847210250436808	0.866068724519511	0.817146185206756	0.821013395457193	0.81577169481654	0.891636575422248	0.661898660454281	0.821211415259173	0.85361677344205	0.799732090856144	0.878485730926034	0.751158998252766	0.784344787419918	0.797227722772277	0.829796156086197	0.828479906814211	0.875888177052999	0.806895748398369	0.865567850902737	0.842539312754805	0.854455445544554	0.814280722189866	0.809225393127548	0.845998835177635	0.843156668608037	0.911986022131625
CCTATCGTCATTACCT-1	0.749458357600466	0.781828771112405	0.809108910891089	0.851019219569016	0.722818870122306	0.663226557949913	0.740034944670938	0.810203843913803	0.8303552708212	0.841059988351776	0.776470588235294	0.75322073383809	0.717029702970297	0.722527664531159	0.843785672684916	0.87049504950495	0.721654047757717	0.667606290040769	0.79693651718113	0.732952824694234	0.736039603960396	0.652463599301107	0.875154338963308	1	0.650029120559115	0.73693651718113	0.859569015725102	0.750064065230052	0.739242865463017	0.822725684333139	0.725404775771695	0.6327664531159	0.847338380896913	0.696377402446127	0.79863715783343	0.488910891089109	0.846651135701806	0.828631333721607	0.756750145602796	0.804635993011066	0.746592894583576	0.823669190448457	0.662900407687828	0.814502038439138	0.783610949330227	0.745894001164822	0.834478741991846	0.745789167152009	0.683412929528247	0.823739079790332	0.8279440885265	0.827210250436808	0.773104251601631	0.771869539895166	0.804810716365754	0.817251019219569	0.750669772859639	0.753383808969132	0.785975538730344	0.804868957483984	0.818147932440303	0.849341875364007
CCTTCAGGTTGCTGAT-1	0.633313919627257	0.683377984857309	0.639079790331974	0.68025626092021	0.593581828771112	0.523657542224811	0.675457192778101	0.645404775771695	0.694036109493302	0.614292370413512	0.622376237623762	0.641153174140944	0.696575422248107	0.644950495049505	0.690716365754222	0.67381479324403	0.692661619103087	0.509400116482236	0.576319161327898	0.701980198019802	0.643343040186372	0.472871287128713	0.67713453698311	0.650029120559115	1	0.605066977285964	0.623436225975539	0.642935352358765	0.652440302853815	0.678334304018637	0.707338380896913	0.689435061153174	0.660617355853232	0.522364589400116	0.718672102504368	0.504251601630751	0.662993593476995	0.692976121141526	0.656330809551543	0.635235876528829	0.652102504368084	0.645742574257426	0.509435061153174	0.657647058823529	0.653197437390798	0.597635410599884	0.733896330809552	0.598124635993011	0.62422830518346	0.660011648223646	0.652626674432149	0.689982527664531	0.663902154921374	0.60391380314502	0.659732090856144	0.663016889924287	0.614898078043098	0.649621432731508	0.691217239370996	0.634641817122889	0.701665695981363	0.680885264997088
CTATCCGTCGCAGTGC-1	0.763762376237624	0.806266744321491	0.780174723354688	0.771112405358183	0.692929528246942	0.647047175305766	0.824601048340128	0.738078043098428	0.835899825276645	0.755643564356436	0.750856144437973	0.779941758881771	0.743191613278975	0.737460687245195	0.740885264997088	0.762329644729179	0.761397786837507	0.540698893418754	0.737961560861969	0.690832847990681	0.784065230052417	0.712684915550379	0.791438555620268	0.73693651718113	0.605066977285964	1	0.798835177635411	0.708724519510775	0.720477577169482	0.760267909143856	0.732580081537565	0.661875364006989	0.767338380896913	0.700093185789167	0.818334304018637	0.454513686662784	0.80598718695399	0.824927198602213	0.767711124053582	0.75563191613279	0.797775189283634	0.78422830518346	0.628328479906814	0.711997670355271	0.713115899825277	0.7279440885265	0.826196854979616	0.747023878858474	0.775107746068725	0.752020966802563	0.804065230052417	0.733115899825277	0.791671520093186	0.739697146185207	0.778811881188119	0.780232964472918	0.768235294117647	0.786092020966803	0.75432731508445	0.745008736167734	0.75316249271986	0.836377402446127
CTCAGAAAGGTCGCCT-1	0.789260337798486	0.835783343040186	0.836423995340711	0.86104834012813	0.798683750728014	0.659930110658125	0.770087361677344	0.858462434478742	0.853511939429237	0.903739079790332	0.818881770529994	0.791182294700058	0.758462434478742	0.756540477577169	0.857472335468841	0.867967384973791	0.788969132207338	0.591438555620268	0.791228887594642	0.745765870704718	0.803529411764706	0.732801397786838	0.850145602795574	0.859569015725102	0.623436225975539	0.798835177635411	1	0.820827023878858	0.816458940011648	0.897425742574257	0.81251019219569	0.657507280139779	0.871252184041934	0.770495049504951	0.83211415259173	0.426627839254514	0.863692486895748	0.819650553290623	0.757961560861969	0.84502038439138	0.792451951077461	0.815352358765288	0.720768782760629	0.863424577751893	0.716400698893419	0.735457192778101	0.816144437973209	0.841863715783343	0.716389050669773	0.839464181712289	0.88950495049505	0.838683750728014	0.813325567850903	0.828270238788585	0.841025043680839	0.8655329062318	0.769574839836925	0.761118229470006	0.829633080955154	0.845055329062318	0.84573092603378	0.89029702970297
CTCAGGGGTTACAGCT-1	0.769737914967967	0.773476994758299	0.84456610366919	0.783808969132207	0.674560279557368	0.604962143273151	0.769947582993593	0.836191030867793	0.773442050087362	0.769749563191613	0.770623179965055	0.742504368083867	0.777693651718113	0.751846243447874	0.819184624344787	0.81543389633081	0.78280722189866	0.583238206173558	0.709423412929528	0.767454863133372	0.745055329062318	0.692941176470588	0.759219569015725	0.750064065230052	0.642935352358765	0.708724519510775	0.820827023878858	1	0.753744903902155	0.855993011065812	0.775888177052999	0.648736167734421	0.811881188118812	0.783902154921374	0.787524752475248	0.517670355270821	0.799767035527082	0.752440302853815	0.73367501456028	0.882923704135119	0.759615608619685	0.730075713453698	0.762970297029703	0.839079790331974	0.665882352941176	0.709539895165987	0.733267326732673	0.681619103086779	0.686511357018055	0.81824111822947	0.86748980780431	0.741013395457193	0.739068142108328	0.773919627256843	0.745416423995341	0.783308095515434	0.708771112405358	0.783902154921374	0.757181129877694	0.71126383226558	0.861397786837507	0.818940011648224
CTCCCAAAGGGTACGT-1	0.772894583576005	0.805952242283052	0.769435061153174	0.841991846243448	0.798299359347699	0.696808386721025	0.731578334304019	0.754606872451951	0.803552708211998	0.819580663948748	0.85863715783343	0.753931275480489	0.814886429819453	0.755690157251019	0.816062900407688	0.812638322655795	0.78417006406523	0.679068142108328	0.774257425742574	0.767967384973791	0.770401863715783	0.753931275480489	0.788165404775772	0.739242865463017	0.652440302853815	0.720477577169482	0.816458940011648	0.753744903902155	1	0.847140361094933	0.826977285963891	0.607839254513687	0.803552708211998	0.761514269073966	0.837181129877694	0.559370995923122	0.858509027373326	0.842760629004077	0.771648223645894	0.798963308095515	0.769283634245778	0.723389633080955	0.756097845078626	0.824670937682004	0.696249271986022	0.705463016889924	0.752090856144438	0.811019219569016	0.702236458940012	0.825719277810134	0.837344205008736	0.736016307513104	0.809027373325568	0.809819452533489	0.786965637740245	0.904997087944089	0.77478159580664	0.757472335468841	0.879429237041351	0.852941176470588	0.78456610366919	0.821444379732091
CTTGATTCACCTGATA-1	0.796121141525917	0.809691322073384	0.882981945253349	0.864962143273151	0.74919044845661	0.660698893418754	0.788514851485149	0.893290623179965	0.801921956901573	0.859685497961561	0.794595224228305	0.812288875946418	0.784985439720443	0.763541059988352	0.847932440302854	0.849574839836925	0.780244612696564	0.60638322655795	0.810390215492137	0.754012813046011	0.816156086196855	0.709108910891089	0.832999417588818	0.822725684333139	0.678334304018637	0.760267909143856	0.897425742574257	0.855993011065812	0.847140361094933	1	0.821351193942924	0.69668025626092	0.852440302853815	0.763482818870122	0.828060570762959	0.499196272568433	0.851846243447874	0.849539895165987	0.806313337216075	0.876994758299359	0.790739662201514	0.758229470005824	0.731170646476412	0.904391380314502	0.727909143855562	0.737052999417589	0.787501456027956	0.779930110658125	0.708899242865463	0.827967384973792	0.892813046010483	0.840139778683751	0.798206173558532	0.862772277227723	0.807501456027956	0.833581828771112	0.75739079790332	0.771496796738497	0.855550378567268	0.805952242283052	0.866313337216075	0.87146185206756
GAAATGAGTCTTTATC-1	0.787373325567851	0.766592894583576	0.793348864298195	0.803226557949913	0.662714036109493	0.696156086196855	0.762620850320326	0.829260337798486	0.784205008736168	0.785404775771695	0.851089108910891	0.73251019219569	0.796156086196855	0.797647058823529	0.827396622015143	0.778974956319161	0.778625509609784	0.50748980780431	0.689633080955154	0.738788584740827	0.70417006406523	0.701514269073966	0.771846243447874	0.725404775771695	0.707338380896913	0.732580081537565	0.81251019219569	0.775888177052999	0.826977285963891	0.821351193942924	1	0.612323820617356	0.817111240535818	0.683669190448457	0.824973791496797	0.514653465346535	0.872824694234129	0.796074548631334	0.809621432731508	0.813709959231217	0.7775888177053	0.766790914385556	0.686849155503786	0.848410017472335	0.657169481654048	0.697577169481654	0.752952824694234	0.694571927781013	0.702981945253349	0.814082702387886	0.813348864298195	0.792999417588818	0.734898078043098	0.772847990681421	0.705742574257426	0.842434478741992	0.70598718695399	0.760966802562609	0.837227722772277	0.755527082119977	0.814758299359348	0.812032615026208
GAAATGAGTGGAAGTC-1	0.6472335468841	0.641980198019802	0.68371578334304	0.667548048922539	0.616575422248107	0.601700640652301	0.679301106581246	0.609458357600466	0.671438555620268	0.631555037856727	0.585719277810134	0.621677344205009	0.615818287711124	0.574175888177053	0.613558532323821	0.622061735585323	0.618870122306348	0.462585905649388	0.646616191030868	0.620069889341875	0.610693069306931	0.570681421083285	0.653046010483401	0.6327664531159	0.689435061153174	0.661875364006989	0.657507280139779	0.648736167734421	0.607839254513687	0.69668025626092	0.612323820617356	1	0.61251019219569	0.555666860803727	0.659615608619685	0.518392545136867	0.636167734420501	0.685812463599301	0.661595806639487	0.624321490972627	0.674408852649971	0.578520675596972	0.556703552708212	0.622317996505533	0.591520093185789	0.529959231217239	0.667245195107746	0.684263249854397	0.604670937682004	0.647711124053582	0.657810133954572	0.638276062900408	0.68729178800233	0.600955154338963	0.666371578334304	0.657227722772277	0.553803145020384	0.624263249854397	0.649563191613279	0.66136284216657	0.664857309260338	0.691450203843914
GAGCCTGAGAGTTGAT-1	0.835189283634246	0.83322073383809	0.8472335468841	0.854641817122889	0.746592894583576	0.67225393127548	0.758509027373326	0.856715200931858	0.840291205591147	0.88839836924869	0.807781013395457	0.751986022131625	0.797204426324985	0.788130460104834	0.877716948165405	0.892882935352359	0.804799068142108	0.651846243447874	0.786220151426907	0.768107163657542	0.753535235876529	0.713838089691322	0.870005824111823	0.847338380896913	0.660617355853232	0.767338380896913	0.871252184041934	0.811881188118812	0.803552708211998	0.852440302853815	0.817111240535818	0.61251019219569	1	0.701572510192196	0.863273150844496	0.48834012813046	0.900792079207921	0.835259172976121	0.795037856726849	0.889737914967967	0.800314502038439	0.862224810716366	0.688270238788585	0.840861968549796	0.775585323238206	0.753896330809552	0.806103669190448	0.728584740827024	0.738089691322073	0.846534653465347	0.888258590564939	0.861444379732091	0.81818287711124	0.8672335468841	0.782539312754805	0.855713453698311	0.831298776936517	0.862550960978451	0.809178800232965	0.810320326150262	0.862970297029703	0.857251019219569
GATGACTGTCACAGTT-1	0.665206755969715	0.686557949912638	0.672463599301107	0.728246942341293	0.69080955154339	0.550331974373908	0.646523005241701	0.738765288293535	0.687175305765871	0.707082119976704	0.772906231799651	0.636051252184042	0.640209668025626	0.62351776354106	0.693919627256843	0.740861968549796	0.629866045428072	0.515212580081538	0.679976703552708	0.612009318578917	0.639767035527082	0.743238206173559	0.675247524752475	0.696377402446127	0.522364589400116	0.700093185789167	0.770495049504951	0.783902154921374	0.761514269073966	0.763482818870122	0.683669190448457	0.555666860803727	0.701572510192196	1	0.708980780430984	0.403191613278975	0.749225393127548	0.693721607454863	0.644076878276063	0.766394874781596	0.699359347699476	0.649994175888177	0.862108328479907	0.758427489807804	0.619510774606872	0.61693651718113	0.651729761211415	0.720081537565521	0.570425160163075	0.724799068142108	0.768351776354106	0.64507862550961	0.702516016307513	0.731030867792662	0.657262667443215	0.781887012230635	0.635002912055912	0.688223645894001	0.740838672102504	0.695492137449039	0.743389633080955	0.72391380314502
